//
// Created by TalkUHulk on 2023/1/19.
//

#ifndef CENTER_WEIGHT_HPP
#define CENTER_WEIGHT_HPP


float center_weight[48][48] = {{0.02797897532582283, 0.028537563979625702, 0.02910560928285122, 0.029682012274861336, 0.030265428125858307, 0.03085424192249775, 0.03144654259085655, 0.03204010799527168, 0.032632384449243546, 0.03322044759988785, 0.033801041543483734, 0.0343705378472805, 0.034924961626529694, 0.03546004369854927, 0.035971228033304214, 0.03645376116037369, 0.03690279275178909, 0.03731343522667885, 0.03768092021346092, 0.03800070658326149, 0.03826865181326866, 0.03848111629486084, 0.038635119795799255, 0.03872843086719513, 0.03875969350337982, 0.03872843086719513, 0.038635119795799255, 0.03848111629486084, 0.03826865181326866, 0.03800070658326149, 0.03768092021346092, 0.03731343522667885, 0.03690279275178909, 0.03645376116037369, 0.035971228033304214, 0.03546004369854927, 0.034924961626529694, 0.0343705378472805, 0.033801041543483734, 0.03322044759988785, 0.032632384449243546, 0.03204010799527168, 0.03144654259085655, 0.03085424192249775, 0.030265428125858307, 0.029682012274861336, 0.02910560928285122, 0.028537563979625702}
, {0.028537563979625702, 0.02913166582584381, 0.029737425968050957, 0.03035377897322178, 0.030979415401816368, 0.031612686812877655, 0.03225165605545044, 0.032893985509872437, 0.033536963164806366, 0.034177448600530624, 0.03481188416481018, 0.03543625399470329, 0.036046113818883896, 0.03663662448525429, 0.037202563136816025, 0.03773844614624977, 0.03823859244585037, 0.038697250187397, 0.039108749479055405, 0.03946765884757042, 0.039768971502780914, 0.04000828415155411, 0.0401819609105587, 0.040287286043167114, 0.04032258316874504, 0.040287286043167114, 0.0401819609105587, 0.04000828415155411, 0.039768971502780914, 0.03946765884757042, 0.039108749479055405, 0.038697250187397, 0.03823859244585037, 0.03773844614624977, 0.037202563136816025, 0.03663662448525429, 0.036046113818883896, 0.03543625399470329, 0.03481188416481018, 0.034177448600530624, 0.033536963164806366, 0.032893985509872437, 0.03225165605545044, 0.031612686812877655, 0.030979415401816368, 0.03035377897322178, 0.029737425968050957, 0.02913166582584381}
, {0.02910560928285122, 0.029737425968050957, 0.030383411794900894, 0.031042587012052536, 0.03171367943286896, 0.03239508345723152, 0.03308482468128204, 0.033780500292778015, 0.03447926416993141, 0.03517775610089302, 0.035872116684913635, 0.03655790910124779, 0.03723018988966942, 0.0378834567964077, 0.038511764258146286, 0.039108749479055405, 0.03966774791479111, 0.0401819609105587, 0.04064461216330528, 0.04104917123913765, 0.04138956218957901, 0.04166041687130928, 0.04185725748538971, 0.041976749897003174, 0.04201681166887283, 0.041976749897003174, 0.04185725748538971, 0.04166041687130928, 0.04138956218957901, 0.04104917123913765, 0.04064461216330528, 0.0401819609105587, 0.03966774791479111, 0.039108749479055405, 0.038511764258146286, 0.0378834567964077, 0.03723018988966942, 0.03655790910124779, 0.035872116684913635, 0.03517775610089302, 0.03447926416993141, 0.033780500292778015, 0.03308482468128204, 0.03239508345723152, 0.03171367943286896, 0.031042587012052536, 0.030383411794900894, 0.029737425968050957}
, {0.029682012274861336, 0.03035377897322178, 0.031042587012052536, 0.03174756094813347, 0.03246753290295601, 0.03320096433162689, 0.03394590690732002, 0.03469991683959961, 0.03546004369854927, 0.036222733557224274, 0.03698381409049034, 0.03773844614624977, 0.03848111629486084, 0.039205633103847504, 0.03990517929196358, 0.04057236760854721, 0.041199393570423126, 0.04177817329764366, 0.042300593107938766, 0.04275874048471451, 0.04314519092440605, 0.04345332086086273, 0.043677616864442825, 0.04381392151117325, 0.04385964944958687, 0.04381392151117325, 0.043677616864442825, 0.04345332086086273, 0.04314519092440605, 0.04275874048471451, 0.042300593107938766, 0.04177817329764366, 0.041199393570423126, 0.04057236760854721, 0.03990517929196358, 0.039205633103847504, 0.03848111629486084, 0.03773844614624977, 0.03698381409049034, 0.036222733557224274, 0.03546004369854927, 0.03469991683959961, 0.03394590690732002, 0.03320096433162689, 0.03246753290295601, 0.03174756094813347, 0.031042587012052536, 0.03035377897322178}
, {0.030265428125858307, 0.030979415401816368, 0.03171367943286896, 0.03246753290295601, 0.03323996439576149, 0.03402954712510109, 0.03483441099524498, 0.03565213829278946, 0.03647971153259277, 0.03731343522667885, 0.038148846477270126, 0.03898070380091667, 0.03980289027094841, 0.040608443319797516, 0.04138956218957901, 0.04213770851492882, 0.042843692004680634, 0.04349789023399353, 0.044090524315834045, 0.04461193084716797, 0.045053012669086456, 0.04540553316473961, 0.04566262289881706, 0.04581905156373978, 0.0458715595304966, 0.04581905156373978, 0.04566262289881706, 0.04540553316473961, 0.045053012669086456, 0.04461193084716797, 0.044090524315834045, 0.04349789023399353, 0.042843692004680634, 0.04213770851492882, 0.04138956218957901, 0.040608443319797516, 0.03980289027094841, 0.03898070380091667, 0.038148846477270126, 0.03731343522667885, 0.03647971153259277, 0.03565213829278946, 0.03483441099524498, 0.03402954712510109, 0.03323996439576149, 0.03246753290295601, 0.03171367943286896, 0.030979415401816368}
, {0.03085424192249775, 0.031612686812877655, 0.03239508345723152, 0.03320096433162689, 0.03402954712510109, 0.03487959876656532, 0.035749394446611404, 0.03663662448525429, 0.03753826767206192, 0.03845054656267166, 0.03936877101659775, 0.040287286043167114, 0.041199393570423126, 0.042097292840480804, 0.042972106486558914, 0.04381392151117325, 0.04461193084716797, 0.045354653149843216, 0.04603022336959839, 0.04662683233618736, 0.04713315889239311, 0.04753895103931427, 0.04783551022410393, 0.04801622033119202, 0.04807692766189575, 0.04801622033119202, 0.04783551022410393, 0.04753895103931427, 0.04713315889239311, 0.04662683233618736, 0.04603022336959839, 0.045354653149843216, 0.04461193084716797, 0.04381392151117325, 0.042972106486558914, 0.042097292840480804, 0.041199393570423126, 0.040287286043167114, 0.03936877101659775, 0.03845054656267166, 0.03753826767206192, 0.03663662448525429, 0.035749394446611404, 0.03487959876656532, 0.03402954712510109, 0.03320096433162689, 0.03239508345723152, 0.031612686812877655}
, {0.03144654259085655, 0.03225165605545044, 0.03308482468128204, 0.03394590690732002, 0.03483441099524498, 0.035749394446611404, 0.036689382046461105, 0.03765225410461426, 0.038635119795799255, 0.039634183049201965, 0.04064461216330528, 0.04166041687130928, 0.04267430305480957, 0.043677616864442825, 0.044660285115242004, 0.04561084508895874, 0.04651657119393349, 0.04736372455954552, 0.04813786596059799, 0.04882445186376572, 0.04940934106707573, 0.04987957328557968, 0.050224076956510544, 0.050434354692697525, 0.050505056977272034, 0.050434354692697525, 0.050224076956510544, 0.04987957328557968, 0.04940934106707573, 0.04882445186376572, 0.04813786596059799, 0.04736372455954552, 0.04651657119393349, 0.04561084508895874, 0.044660285115242004, 0.043677616864442825, 0.04267430305480957, 0.04166041687130928, 0.04064461216330528, 0.039634183049201965, 0.038635119795799255, 0.03765225410461426, 0.036689382046461105, 0.035749394446611404, 0.03483441099524498, 0.03394590690732002, 0.03308482468128204, 0.03225165605545044}
, {0.03204010799527168, 0.032893985509872437, 0.033780500292778015, 0.03469991683959961, 0.03565213829278946, 0.03663662448525429, 0.03765225410461426, 0.038697250187397, 0.039768971502780914, 0.040863752365112305, 0.041976749897003174, 0.0431017130613327, 0.044230859726667404, 0.045354653149843216, 0.04646174982190132, 0.04753895103931427, 0.04857129231095314, 0.04954229295253754, 0.050434354692697525, 0.05122939869761467, 0.05190962553024292, 0.052458539605140686, 0.05286182835698128, 0.05310848355293274, 0.053191497921943665, 0.05310848355293274, 0.05286182835698128, 0.052458539605140686, 0.05190962553024292, 0.05122939869761467, 0.050434354692697525, 0.04954229295253754, 0.04857129231095314, 0.04753895103931427, 0.04646174982190132, 0.045354653149843216, 0.044230859726667404, 0.0431017130613327, 0.041976749897003174, 0.040863752365112305, 0.039768971502780914, 0.038697250187397, 0.03765225410461426, 0.03663662448525429, 0.03565213829278946, 0.03469991683959961, 0.033780500292778015, 0.032893985509872437}
, {0.032632384449243546, 0.033536963164806366, 0.03447926416993141, 0.03546004369854927, 0.03647971153259277, 0.03753826767206192, 0.038635119795799255, 0.039768971502780914, 0.04093761369585991, 0.04213770851492882, 0.043364591896533966, 0.04461193084716797, 0.0458715595304966, 0.04713315889239311, 0.04838406667113304, 0.04960918426513672, 0.05079095810651779, 0.05190962553024292, 0.05294365435838699, 0.05387044697999954, 0.05466744676232338, 0.0553133450448513, 0.0557895228266716, 0.056081417948007584, 0.056179776787757874, 0.056081417948007584, 0.0557895228266716, 0.0553133450448513, 0.05466744676232338, 0.05387044697999954, 0.05294365435838699, 0.05190962553024292, 0.05079095810651779, 0.04960918426513672, 0.04838406667113304, 0.04713315889239311, 0.0458715595304966, 0.04461193084716797, 0.043364591896533966, 0.04213770851492882, 0.04093761369585991, 0.039768971502780914, 0.038635119795799255, 0.03753826767206192, 0.03647971153259277, 0.03546004369854927, 0.03447926416993141, 0.033536963164806366}
, {0.03322044759988785, 0.034177448600530624, 0.03517775610089302, 0.036222733557224274, 0.03731343522667885, 0.03845054656267166, 0.039634183049201965, 0.040863752365112305, 0.04213770851492882, 0.04345332086086273, 0.04480631276965141, 0.046190593391656876, 0.04759780690073967, 0.04901702702045441, 0.050434354692697525, 0.051832668483257294, 0.053191497921943665, 0.05448717251420021, 0.05569326505064964, 0.05678144469857216, 0.05772280693054199, 0.0584895983338356, 0.059057168662548065, 0.05940607190132141, 0.0595238134264946, 0.05940607190132141, 0.059057168662548065, 0.0584895983338356, 0.05772280693054199, 0.05678144469857216, 0.05569326505064964, 0.05448717251420021, 0.053191497921943665, 0.051832668483257294, 0.050434354692697525, 0.04901702702045441, 0.04759780690073967, 0.046190593391656876, 0.04480631276965141, 0.04345332086086273, 0.04213770851492882, 0.040863752365112305, 0.039634183049201965, 0.03845054656267166, 0.03731343522667885, 0.036222733557224274, 0.03517775610089302, 0.034177448600530624}
, {0.033801041543483734, 0.03481188416481018, 0.035872116684913635, 0.03698381409049034, 0.038148846477270126, 0.03936877101659775, 0.04064461216330528, 0.041976749897003174, 0.043364591896533966, 0.04480631276965141, 0.04629846662282944, 0.04783551022410393, 0.04940934106707573, 0.051008716225624084, 0.05261870473623276, 0.054220184683799744, 0.0557895228266716, 0.05729847028851509, 0.058714572340250015, 0.0600021593272686, 0.06112388148903847, 0.06204312667250633, 0.06272685527801514, 0.06314858049154282, 0.06329113990068436, 0.06314858049154282, 0.06272685527801514, 0.06204312667250633, 0.06112388148903847, 0.0600021593272686, 0.058714572340250015, 0.05729847028851509, 0.0557895228266716, 0.054220184683799744, 0.05261870473623276, 0.051008716225624084, 0.04940934106707573, 0.04783551022410393, 0.04629846662282944, 0.04480631276965141, 0.043364591896533966, 0.041976749897003174, 0.04064461216330528, 0.03936877101659775, 0.038148846477270126, 0.03698381409049034, 0.035872116684913635, 0.03481188416481018}
, {0.0343705378472805, 0.03543625399470329, 0.03655790910124779, 0.03773844614624977, 0.03898070380091667, 0.040287286043167114, 0.04166041687130928, 0.0431017130613327, 0.04461193084716797, 0.046190593391656876, 0.04783551022410393, 0.04954229295253754, 0.051303617656230927, 0.05310848355293274, 0.05494137853384018, 0.05678144469857216, 0.058601751923561096, 0.060368891805410385, 0.06204312667250633, 0.06357931345701218, 0.06492886692285538, 0.0660429447889328, 0.06687645614147186, 0.06739269196987152, 0.06756757199764252, 0.06739269196987152, 0.06687645614147186, 0.0660429447889328, 0.06492886692285538, 0.06357931345701218, 0.06204312667250633, 0.060368891805410385, 0.058601751923561096, 0.05678144469857216, 0.05494137853384018, 0.05310848355293274, 0.051303617656230927, 0.04954229295253754, 0.04783551022410393, 0.046190593391656876, 0.04461193084716797, 0.0431017130613327, 0.04166041687130928, 0.040287286043167114, 0.03898070380091667, 0.03773844614624977, 0.03655790910124779, 0.03543625399470329}
, {0.034924961626529694, 0.036046113818883896, 0.03723018988966942, 0.03848111629486084, 0.03980289027094841, 0.041199393570423126, 0.04267430305480957, 0.044230859726667404, 0.0458715595304966, 0.04759780690073967, 0.04940934106707573, 0.051303617656230927, 0.053274910897016525, 0.0553133450448513, 0.05740363523364067, 0.0595238134264946, 0.06164390966296196, 0.06372493505477905, 0.06571853160858154, 0.06756757199764252, 0.06920841336250305, 0.0705750435590744, 0.0716049000620842, 0.0722460150718689, 0.07246377319097519, 0.0722460150718689, 0.0716049000620842, 0.0705750435590744, 0.06920841336250305, 0.06756757199764252, 0.06571853160858154, 0.06372493505477905, 0.06164390966296196, 0.0595238134264946, 0.05740363523364067, 0.0553133450448513, 0.053274910897016525, 0.051303617656230927, 0.04940934106707573, 0.04759780690073967, 0.0458715595304966, 0.044230859726667404, 0.04267430305480957, 0.041199393570423126, 0.03980289027094841, 0.03848111629486084, 0.03723018988966942, 0.036046113818883896}
, {0.03546004369854927, 0.03663662448525429, 0.0378834567964077, 0.039205633103847504, 0.040608443319797516, 0.042097292840480804, 0.043677616864442825, 0.045354653149843216, 0.04713315889239311, 0.04901702702045441, 0.051008716225624084, 0.05310848355293274, 0.0553133450448513, 0.05761580541729927, 0.0600021593272686, 0.062450554221868515, 0.06492886692285538, 0.06739269196987152, 0.06978385895490646, 0.07203029841184616, 0.07404830306768417, 0.07574751228094101, 0.07703957706689835, 0.0778491199016571, 0.0781250074505806, 0.0778491199016571, 0.07703957706689835, 0.07574751228094101, 0.07404830306768417, 0.07203029841184616, 0.06978385895490646, 0.06739269196987152, 0.06492886692285538, 0.062450554221868515, 0.0600021593272686, 0.05761580541729927, 0.0553133450448513, 0.05310848355293274, 0.051008716225624084, 0.04901702702045441, 0.04713315889239311, 0.045354653149843216, 0.043677616864442825, 0.042097292840480804, 0.040608443319797516, 0.039205633103847504, 0.0378834567964077, 0.03663662448525429}
, {0.035971228033304214, 0.037202563136816025, 0.038511764258146286, 0.03990517929196358, 0.04138956218957901, 0.042972106486558914, 0.044660285115242004, 0.04646174982190132, 0.04838406667113304, 0.050434354692697525, 0.05261870473623276, 0.05494137853384018, 0.05740363523364067, 0.0600021593272686, 0.06272685527801514, 0.06555819511413574, 0.06846384704113007, 0.0713951364159584, 0.07428370416164398, 0.07703957706689835, 0.07955241203308105, 0.08169730752706528, 0.08334696292877197, 0.08438907563686371, 0.08474576473236084, 0.08438907563686371, 0.08334696292877197, 0.08169730752706528, 0.07955241203308105, 0.07703957706689835, 0.07428370416164398, 0.0713951364159584, 0.06846384704113007, 0.06555819511413574, 0.06272685527801514, 0.0600021593272686, 0.05740363523364067, 0.05494137853384018, 0.05261870473623276, 0.050434354692697525, 0.04838406667113304, 0.04646174982190132, 0.044660285115242004, 0.042972106486558914, 0.04138956218957901, 0.03990517929196358, 0.038511764258146286, 0.037202563136816025}
, {0.03645376116037369, 0.03773844614624977, 0.039108749479055405, 0.04057236760854721, 0.04213770851492882, 0.04381392151117325, 0.04561084508895874, 0.04753895103931427, 0.04960918426513672, 0.051832668483257294, 0.054220184683799744, 0.05678144469857216, 0.0595238134264946, 0.062450554221868515, 0.06555819511413574, 0.06883297115564346, 0.0722460150718689, 0.07574751228094101, 0.07926031947135925, 0.08267448842525482, 0.08584532141685486, 0.0885988101363182, 0.09074784815311432, 0.09212017804384232, 0.09259259700775146, 0.09212017804384232, 0.09074784815311432, 0.0885988101363182, 0.08584532141685486, 0.08267448842525482, 0.07926031947135925, 0.07574751228094101, 0.0722460150718689, 0.06883297115564346, 0.06555819511413574, 0.062450554221868515, 0.0595238134264946, 0.05678144469857216, 0.054220184683799744, 0.051832668483257294, 0.04960918426513672, 0.04753895103931427, 0.04561084508895874, 0.04381392151117325, 0.04213770851492882, 0.04057236760854721, 0.039108749479055405, 0.03773844614624977}
, {0.03690279275178909, 0.03823859244585037, 0.03966774791479111, 0.041199393570423126, 0.042843692004680634, 0.04461193084716797, 0.04651657119393349, 0.04857129231095314, 0.05079095810651779, 0.053191497921943665, 0.0557895228266716, 0.058601751923561096, 0.06164390966296196, 0.06492886692285538, 0.06846384704113007, 0.0722460150718689, 0.07625608891248703, 0.08044958114624023, 0.08474576473236084, 0.08901564031839371, 0.09307284653186798, 0.0966743752360344, 0.09954001009464264, 0.10139666497707367, 0.10204082727432251, 0.10139666497707367, 0.09954001009464264, 0.0966743752360344, 0.09307284653186798, 0.08901564031839371, 0.08474576473236084, 0.08044958114624023, 0.07625608891248703, 0.0722460150718689, 0.06846384704113007, 0.06492886692285538, 0.06164390966296196, 0.058601751923561096, 0.0557895228266716, 0.053191497921943665, 0.05079095810651779, 0.04857129231095314, 0.04651657119393349, 0.04461193084716797, 0.042843692004680634, 0.041199393570423126, 0.03966774791479111, 0.03823859244585037}
, {0.03731343522667885, 0.038697250187397, 0.0401819609105587, 0.04177817329764366, 0.04349789023399353, 0.045354653149843216, 0.04736372455954552, 0.04954229295253754, 0.05190962553024292, 0.05448717251420021, 0.05729847028851509, 0.060368891805410385, 0.06372493505477905, 0.06739269196987152, 0.0713951364159584, 0.07574751228094101, 0.08044958114624023, 0.08547377586364746, 0.09074784815311432, 0.09613236039876938, 0.10139666497707367, 0.10620476305484772, 0.11013083904981613, 0.11272601038217545, 0.11363637447357178, 0.11272601038217545, 0.11013083904981613, 0.10620476305484772, 0.10139666497707367, 0.09613236039876938, 0.09074784815311432, 0.08547377586364746, 0.08044958114624023, 0.07574751228094101, 0.0713951364159584, 0.06739269196987152, 0.06372493505477905, 0.060368891805410385, 0.05729847028851509, 0.05448717251420021, 0.05190962553024292, 0.04954229295253754, 0.04736372455954552, 0.045354653149843216, 0.04349789023399353, 0.04177817329764366, 0.0401819609105587, 0.038697250187397}
, {0.03768092021346092, 0.039108749479055405, 0.04064461216330528, 0.042300593107938766, 0.044090524315834045, 0.04603022336959839, 0.04813786596059799, 0.050434354692697525, 0.05294365435838699, 0.05569326505064964, 0.058714572340250015, 0.06204312667250633, 0.06571853160858154, 0.06978385895490646, 0.07428370416164398, 0.07926031947135925, 0.08474576473236084, 0.09074784815311432, 0.09722631424665451, 0.10405556112527847, 0.11097422242164612, 0.1175336092710495, 0.12308365851640701, 0.12685908377170563, 0.12820513546466827, 0.12685908377170563, 0.12308365851640701, 0.1175336092710495, 0.11097422242164612, 0.10405556112527847, 0.09722631424665451, 0.09074784815311432, 0.08474576473236084, 0.07926031947135925, 0.07428370416164398, 0.06978385895490646, 0.06571853160858154, 0.06204312667250633, 0.058714572340250015, 0.05569326505064964, 0.05294365435838699, 0.050434354692697525, 0.04813786596059799, 0.04603022336959839, 0.044090524315834045, 0.042300593107938766, 0.04064461216330528, 0.039108749479055405}
, {0.03800070658326149, 0.03946765884757042, 0.04104917123913765, 0.04275874048471451, 0.04461193084716797, 0.04662683233618736, 0.04882445186376572, 0.05122939869761467, 0.05387044697999954, 0.05678144469857216, 0.0600021593272686, 0.06357931345701218, 0.06756757199764252, 0.07203029841184616, 0.07703957706689835, 0.08267448842525482, 0.08901564031839371, 0.09613236039876938, 0.10405556112527847, 0.11272601038217545, 0.12190477550029755, 0.13104526698589325, 0.1391756534576416, 0.14494815468788147, 0.14705881476402283, 0.14494815468788147, 0.1391756534576416, 0.13104526698589325, 0.12190477550029755, 0.11272601038217545, 0.10405556112527847, 0.09613236039876938, 0.08901564031839371, 0.08267448842525482, 0.07703957706689835, 0.07203029841184616, 0.06756757199764252, 0.06357931345701218, 0.0600021593272686, 0.05678144469857216, 0.05387044697999954, 0.05122939869761467, 0.04882445186376572, 0.04662683233618736, 0.04461193084716797, 0.04275874048471451, 0.04104917123913765, 0.03946765884757042}
, {0.03826865181326866, 0.039768971502780914, 0.04138956218957901, 0.04314519092440605, 0.045053012669086456, 0.04713315889239311, 0.04940934106707573, 0.05190962553024292, 0.05466744676232338, 0.05772280693054199, 0.06112388148903847, 0.06492886692285538, 0.06920841336250305, 0.07404830306768417, 0.07955241203308105, 0.08584532141685486, 0.09307284653186798, 0.10139666497707367, 0.11097422242164612, 0.12190477550029755, 0.13410481810569763, 0.14705881476402283, 0.15943533182144165, 0.16883036494255066, 0.17241379618644714, 0.16883036494255066, 0.15943533182144165, 0.14705881476402283, 0.13410481810569763, 0.12190477550029755, 0.11097422242164612, 0.10139666497707367, 0.09307284653186798, 0.08584532141685486, 0.07955241203308105, 0.07404830306768417, 0.06920841336250305, 0.06492886692285538, 0.06112388148903847, 0.05772280693054199, 0.05466744676232338, 0.05190962553024292, 0.04940934106707573, 0.04713315889239311, 0.045053012669086456, 0.04314519092440605, 0.04138956218957901, 0.039768971502780914}
, {0.03848111629486084, 0.04000828415155411, 0.04166041687130928, 0.04345332086086273, 0.04540553316473961, 0.04753895103931427, 0.04987957328557968, 0.052458539605140686, 0.0553133450448513, 0.0584895983338356, 0.06204312667250633, 0.0660429447889328, 0.0705750435590744, 0.07574751228094101, 0.08169730752706528, 0.0885988101363182, 0.0966743752360344, 0.10620476305484772, 0.1175336092710495, 0.13104526698589325, 0.14705881476402283, 0.16549056768417358, 0.18499502539634705, 0.20152036845684052, 0.2083333432674408, 0.20152036845684052, 0.18499502539634705, 0.16549056768417358, 0.14705881476402283, 0.13104526698589325, 0.1175336092710495, 0.10620476305484772, 0.0966743752360344, 0.0885988101363182, 0.08169730752706528, 0.07574751228094101, 0.0705750435590744, 0.0660429447889328, 0.06204312667250633, 0.0584895983338356, 0.0553133450448513, 0.052458539605140686, 0.04987957328557968, 0.04753895103931427, 0.04540553316473961, 0.04345332086086273, 0.04166041687130928, 0.04000828415155411}
, {0.038635119795799255, 0.0401819609105587, 0.04185725748538971, 0.043677616864442825, 0.04566262289881706, 0.04783551022410393, 0.050224076956510544, 0.05286182835698128, 0.0557895228266716, 0.059057168662548065, 0.06272685527801514, 0.06687645614147186, 0.0716049000620842, 0.07703957706689835, 0.08334696292877197, 0.09074784815311432, 0.09954001009464264, 0.11013083904981613, 0.12308365851640701, 0.1391756534576416, 0.15943533182144165, 0.18499502539634705, 0.21605613827705383, 0.2477658987045288, 0.2631579041481018, 0.2477658987045288, 0.21605613827705383, 0.18499502539634705, 0.15943533182144165, 0.1391756534576416, 0.12308365851640701, 0.11013083904981613, 0.09954001009464264, 0.09074784815311432, 0.08334696292877197, 0.07703957706689835, 0.0716049000620842, 0.06687645614147186, 0.06272685527801514, 0.059057168662548065, 0.0557895228266716, 0.05286182835698128, 0.050224076956510544, 0.04783551022410393, 0.04566262289881706, 0.043677616864442825, 0.04185725748538971, 0.0401819609105587}
, {0.03872843086719513, 0.040287286043167114, 0.041976749897003174, 0.04381392151117325, 0.04581905156373978, 0.04801622033119202, 0.050434354692697525, 0.05310848355293274, 0.056081417948007584, 0.05940607190132141, 0.06314858049154282, 0.06739269196987152, 0.0722460150718689, 0.0778491199016571, 0.08438907563686371, 0.09212017804384232, 0.10139666497707367, 0.11272601038217545, 0.12685908377170563, 0.14494815468788147, 0.16883036494255066, 0.20152036845684052, 0.2477658987045288, 0.31111812591552734, 0.3571428656578064, 0.31111812591552734, 0.2477658987045288, 0.20152036845684052, 0.16883036494255066, 0.14494815468788147, 0.12685908377170563, 0.11272601038217545, 0.10139666497707367, 0.09212017804384232, 0.08438907563686371, 0.0778491199016571, 0.0722460150718689, 0.06739269196987152, 0.06314858049154282, 0.05940607190132141, 0.056081417948007584, 0.05310848355293274, 0.050434354692697525, 0.04801622033119202, 0.04581905156373978, 0.04381392151117325, 0.041976749897003174, 0.040287286043167114}
, {0.03875969350337982, 0.04032258316874504, 0.04201681166887283, 0.04385964944958687, 0.0458715595304966, 0.04807692766189575, 0.050505056977272034, 0.053191497921943665, 0.056179776787757874, 0.0595238134264946, 0.06329113990068436, 0.06756757199764252, 0.07246377319097519, 0.0781250074505806, 0.08474576473236084, 0.09259259700775146, 0.10204082727432251, 0.11363637447357178, 0.12820513546466827, 0.14705881476402283, 0.17241379618644714, 0.2083333432674408, 0.2631579041481018, 0.3571428656578064, 0.5555555820465088, 0.3571428656578064, 0.2631579041481018, 0.2083333432674408, 0.17241379618644714, 0.14705881476402283, 0.12820513546466827, 0.11363637447357178, 0.10204082727432251, 0.09259259700775146, 0.08474576473236084, 0.0781250074505806, 0.07246377319097519, 0.06756757199764252, 0.06329113990068436, 0.0595238134264946, 0.056179776787757874, 0.053191497921943665, 0.050505056977272034, 0.04807692766189575, 0.0458715595304966, 0.04385964944958687, 0.04201681166887283, 0.04032258316874504}
, {0.03872843086719513, 0.040287286043167114, 0.041976749897003174, 0.04381392151117325, 0.04581905156373978, 0.04801622033119202, 0.050434354692697525, 0.05310848355293274, 0.056081417948007584, 0.05940607190132141, 0.06314858049154282, 0.06739269196987152, 0.0722460150718689, 0.0778491199016571, 0.08438907563686371, 0.09212017804384232, 0.10139666497707367, 0.11272601038217545, 0.12685908377170563, 0.14494815468788147, 0.16883036494255066, 0.20152036845684052, 0.2477658987045288, 0.31111812591552734, 0.3571428656578064, 0.31111812591552734, 0.2477658987045288, 0.20152036845684052, 0.16883036494255066, 0.14494815468788147, 0.12685908377170563, 0.11272601038217545, 0.10139666497707367, 0.09212017804384232, 0.08438907563686371, 0.0778491199016571, 0.0722460150718689, 0.06739269196987152, 0.06314858049154282, 0.05940607190132141, 0.056081417948007584, 0.05310848355293274, 0.050434354692697525, 0.04801622033119202, 0.04581905156373978, 0.04381392151117325, 0.041976749897003174, 0.040287286043167114}
, {0.038635119795799255, 0.0401819609105587, 0.04185725748538971, 0.043677616864442825, 0.04566262289881706, 0.04783551022410393, 0.050224076956510544, 0.05286182835698128, 0.0557895228266716, 0.059057168662548065, 0.06272685527801514, 0.06687645614147186, 0.0716049000620842, 0.07703957706689835, 0.08334696292877197, 0.09074784815311432, 0.09954001009464264, 0.11013083904981613, 0.12308365851640701, 0.1391756534576416, 0.15943533182144165, 0.18499502539634705, 0.21605613827705383, 0.2477658987045288, 0.2631579041481018, 0.2477658987045288, 0.21605613827705383, 0.18499502539634705, 0.15943533182144165, 0.1391756534576416, 0.12308365851640701, 0.11013083904981613, 0.09954001009464264, 0.09074784815311432, 0.08334696292877197, 0.07703957706689835, 0.0716049000620842, 0.06687645614147186, 0.06272685527801514, 0.059057168662548065, 0.0557895228266716, 0.05286182835698128, 0.050224076956510544, 0.04783551022410393, 0.04566262289881706, 0.043677616864442825, 0.04185725748538971, 0.0401819609105587}
, {0.03848111629486084, 0.04000828415155411, 0.04166041687130928, 0.04345332086086273, 0.04540553316473961, 0.04753895103931427, 0.04987957328557968, 0.052458539605140686, 0.0553133450448513, 0.0584895983338356, 0.06204312667250633, 0.0660429447889328, 0.0705750435590744, 0.07574751228094101, 0.08169730752706528, 0.0885988101363182, 0.0966743752360344, 0.10620476305484772, 0.1175336092710495, 0.13104526698589325, 0.14705881476402283, 0.16549056768417358, 0.18499502539634705, 0.20152036845684052, 0.2083333432674408, 0.20152036845684052, 0.18499502539634705, 0.16549056768417358, 0.14705881476402283, 0.13104526698589325, 0.1175336092710495, 0.10620476305484772, 0.0966743752360344, 0.0885988101363182, 0.08169730752706528, 0.07574751228094101, 0.0705750435590744, 0.0660429447889328, 0.06204312667250633, 0.0584895983338356, 0.0553133450448513, 0.052458539605140686, 0.04987957328557968, 0.04753895103931427, 0.04540553316473961, 0.04345332086086273, 0.04166041687130928, 0.04000828415155411}
, {0.03826865181326866, 0.039768971502780914, 0.04138956218957901, 0.04314519092440605, 0.045053012669086456, 0.04713315889239311, 0.04940934106707573, 0.05190962553024292, 0.05466744676232338, 0.05772280693054199, 0.06112388148903847, 0.06492886692285538, 0.06920841336250305, 0.07404830306768417, 0.07955241203308105, 0.08584532141685486, 0.09307284653186798, 0.10139666497707367, 0.11097422242164612, 0.12190477550029755, 0.13410481810569763, 0.14705881476402283, 0.15943533182144165, 0.16883036494255066, 0.17241379618644714, 0.16883036494255066, 0.15943533182144165, 0.14705881476402283, 0.13410481810569763, 0.12190477550029755, 0.11097422242164612, 0.10139666497707367, 0.09307284653186798, 0.08584532141685486, 0.07955241203308105, 0.07404830306768417, 0.06920841336250305, 0.06492886692285538, 0.06112388148903847, 0.05772280693054199, 0.05466744676232338, 0.05190962553024292, 0.04940934106707573, 0.04713315889239311, 0.045053012669086456, 0.04314519092440605, 0.04138956218957901, 0.039768971502780914}
, {0.03800070658326149, 0.03946765884757042, 0.04104917123913765, 0.04275874048471451, 0.04461193084716797, 0.04662683233618736, 0.04882445186376572, 0.05122939869761467, 0.05387044697999954, 0.05678144469857216, 0.0600021593272686, 0.06357931345701218, 0.06756757199764252, 0.07203029841184616, 0.07703957706689835, 0.08267448842525482, 0.08901564031839371, 0.09613236039876938, 0.10405556112527847, 0.11272601038217545, 0.12190477550029755, 0.13104526698589325, 0.1391756534576416, 0.14494815468788147, 0.14705881476402283, 0.14494815468788147, 0.1391756534576416, 0.13104526698589325, 0.12190477550029755, 0.11272601038217545, 0.10405556112527847, 0.09613236039876938, 0.08901564031839371, 0.08267448842525482, 0.07703957706689835, 0.07203029841184616, 0.06756757199764252, 0.06357931345701218, 0.0600021593272686, 0.05678144469857216, 0.05387044697999954, 0.05122939869761467, 0.04882445186376572, 0.04662683233618736, 0.04461193084716797, 0.04275874048471451, 0.04104917123913765, 0.03946765884757042}
, {0.03768092021346092, 0.039108749479055405, 0.04064461216330528, 0.042300593107938766, 0.044090524315834045, 0.04603022336959839, 0.04813786596059799, 0.050434354692697525, 0.05294365435838699, 0.05569326505064964, 0.058714572340250015, 0.06204312667250633, 0.06571853160858154, 0.06978385895490646, 0.07428370416164398, 0.07926031947135925, 0.08474576473236084, 0.09074784815311432, 0.09722631424665451, 0.10405556112527847, 0.11097422242164612, 0.1175336092710495, 0.12308365851640701, 0.12685908377170563, 0.12820513546466827, 0.12685908377170563, 0.12308365851640701, 0.1175336092710495, 0.11097422242164612, 0.10405556112527847, 0.09722631424665451, 0.09074784815311432, 0.08474576473236084, 0.07926031947135925, 0.07428370416164398, 0.06978385895490646, 0.06571853160858154, 0.06204312667250633, 0.058714572340250015, 0.05569326505064964, 0.05294365435838699, 0.050434354692697525, 0.04813786596059799, 0.04603022336959839, 0.044090524315834045, 0.042300593107938766, 0.04064461216330528, 0.039108749479055405}
, {0.03731343522667885, 0.038697250187397, 0.0401819609105587, 0.04177817329764366, 0.04349789023399353, 0.045354653149843216, 0.04736372455954552, 0.04954229295253754, 0.05190962553024292, 0.05448717251420021, 0.05729847028851509, 0.060368891805410385, 0.06372493505477905, 0.06739269196987152, 0.0713951364159584, 0.07574751228094101, 0.08044958114624023, 0.08547377586364746, 0.09074784815311432, 0.09613236039876938, 0.10139666497707367, 0.10620476305484772, 0.11013083904981613, 0.11272601038217545, 0.11363637447357178, 0.11272601038217545, 0.11013083904981613, 0.10620476305484772, 0.10139666497707367, 0.09613236039876938, 0.09074784815311432, 0.08547377586364746, 0.08044958114624023, 0.07574751228094101, 0.0713951364159584, 0.06739269196987152, 0.06372493505477905, 0.060368891805410385, 0.05729847028851509, 0.05448717251420021, 0.05190962553024292, 0.04954229295253754, 0.04736372455954552, 0.045354653149843216, 0.04349789023399353, 0.04177817329764366, 0.0401819609105587, 0.038697250187397}
, {0.03690279275178909, 0.03823859244585037, 0.03966774791479111, 0.041199393570423126, 0.042843692004680634, 0.04461193084716797, 0.04651657119393349, 0.04857129231095314, 0.05079095810651779, 0.053191497921943665, 0.0557895228266716, 0.058601751923561096, 0.06164390966296196, 0.06492886692285538, 0.06846384704113007, 0.0722460150718689, 0.07625608891248703, 0.08044958114624023, 0.08474576473236084, 0.08901564031839371, 0.09307284653186798, 0.0966743752360344, 0.09954001009464264, 0.10139666497707367, 0.10204082727432251, 0.10139666497707367, 0.09954001009464264, 0.0966743752360344, 0.09307284653186798, 0.08901564031839371, 0.08474576473236084, 0.08044958114624023, 0.07625608891248703, 0.0722460150718689, 0.06846384704113007, 0.06492886692285538, 0.06164390966296196, 0.058601751923561096, 0.0557895228266716, 0.053191497921943665, 0.05079095810651779, 0.04857129231095314, 0.04651657119393349, 0.04461193084716797, 0.042843692004680634, 0.041199393570423126, 0.03966774791479111, 0.03823859244585037}
, {0.03645376116037369, 0.03773844614624977, 0.039108749479055405, 0.04057236760854721, 0.04213770851492882, 0.04381392151117325, 0.04561084508895874, 0.04753895103931427, 0.04960918426513672, 0.051832668483257294, 0.054220184683799744, 0.05678144469857216, 0.0595238134264946, 0.062450554221868515, 0.06555819511413574, 0.06883297115564346, 0.0722460150718689, 0.07574751228094101, 0.07926031947135925, 0.08267448842525482, 0.08584532141685486, 0.0885988101363182, 0.09074784815311432, 0.09212017804384232, 0.09259259700775146, 0.09212017804384232, 0.09074784815311432, 0.0885988101363182, 0.08584532141685486, 0.08267448842525482, 0.07926031947135925, 0.07574751228094101, 0.0722460150718689, 0.06883297115564346, 0.06555819511413574, 0.062450554221868515, 0.0595238134264946, 0.05678144469857216, 0.054220184683799744, 0.051832668483257294, 0.04960918426513672, 0.04753895103931427, 0.04561084508895874, 0.04381392151117325, 0.04213770851492882, 0.04057236760854721, 0.039108749479055405, 0.03773844614624977}
, {0.035971228033304214, 0.037202563136816025, 0.038511764258146286, 0.03990517929196358, 0.04138956218957901, 0.042972106486558914, 0.044660285115242004, 0.04646174982190132, 0.04838406667113304, 0.050434354692697525, 0.05261870473623276, 0.05494137853384018, 0.05740363523364067, 0.0600021593272686, 0.06272685527801514, 0.06555819511413574, 0.06846384704113007, 0.0713951364159584, 0.07428370416164398, 0.07703957706689835, 0.07955241203308105, 0.08169730752706528, 0.08334696292877197, 0.08438907563686371, 0.08474576473236084, 0.08438907563686371, 0.08334696292877197, 0.08169730752706528, 0.07955241203308105, 0.07703957706689835, 0.07428370416164398, 0.0713951364159584, 0.06846384704113007, 0.06555819511413574, 0.06272685527801514, 0.0600021593272686, 0.05740363523364067, 0.05494137853384018, 0.05261870473623276, 0.050434354692697525, 0.04838406667113304, 0.04646174982190132, 0.044660285115242004, 0.042972106486558914, 0.04138956218957901, 0.03990517929196358, 0.038511764258146286, 0.037202563136816025}
, {0.03546004369854927, 0.03663662448525429, 0.0378834567964077, 0.039205633103847504, 0.040608443319797516, 0.042097292840480804, 0.043677616864442825, 0.045354653149843216, 0.04713315889239311, 0.04901702702045441, 0.051008716225624084, 0.05310848355293274, 0.0553133450448513, 0.05761580541729927, 0.0600021593272686, 0.062450554221868515, 0.06492886692285538, 0.06739269196987152, 0.06978385895490646, 0.07203029841184616, 0.07404830306768417, 0.07574751228094101, 0.07703957706689835, 0.0778491199016571, 0.0781250074505806, 0.0778491199016571, 0.07703957706689835, 0.07574751228094101, 0.07404830306768417, 0.07203029841184616, 0.06978385895490646, 0.06739269196987152, 0.06492886692285538, 0.062450554221868515, 0.0600021593272686, 0.05761580541729927, 0.0553133450448513, 0.05310848355293274, 0.051008716225624084, 0.04901702702045441, 0.04713315889239311, 0.045354653149843216, 0.043677616864442825, 0.042097292840480804, 0.040608443319797516, 0.039205633103847504, 0.0378834567964077, 0.03663662448525429}
, {0.034924961626529694, 0.036046113818883896, 0.03723018988966942, 0.03848111629486084, 0.03980289027094841, 0.041199393570423126, 0.04267430305480957, 0.044230859726667404, 0.0458715595304966, 0.04759780690073967, 0.04940934106707573, 0.051303617656230927, 0.053274910897016525, 0.0553133450448513, 0.05740363523364067, 0.0595238134264946, 0.06164390966296196, 0.06372493505477905, 0.06571853160858154, 0.06756757199764252, 0.06920841336250305, 0.0705750435590744, 0.0716049000620842, 0.0722460150718689, 0.07246377319097519, 0.0722460150718689, 0.0716049000620842, 0.0705750435590744, 0.06920841336250305, 0.06756757199764252, 0.06571853160858154, 0.06372493505477905, 0.06164390966296196, 0.0595238134264946, 0.05740363523364067, 0.0553133450448513, 0.053274910897016525, 0.051303617656230927, 0.04940934106707573, 0.04759780690073967, 0.0458715595304966, 0.044230859726667404, 0.04267430305480957, 0.041199393570423126, 0.03980289027094841, 0.03848111629486084, 0.03723018988966942, 0.036046113818883896}
, {0.0343705378472805, 0.03543625399470329, 0.03655790910124779, 0.03773844614624977, 0.03898070380091667, 0.040287286043167114, 0.04166041687130928, 0.0431017130613327, 0.04461193084716797, 0.046190593391656876, 0.04783551022410393, 0.04954229295253754, 0.051303617656230927, 0.05310848355293274, 0.05494137853384018, 0.05678144469857216, 0.058601751923561096, 0.060368891805410385, 0.06204312667250633, 0.06357931345701218, 0.06492886692285538, 0.0660429447889328, 0.06687645614147186, 0.06739269196987152, 0.06756757199764252, 0.06739269196987152, 0.06687645614147186, 0.0660429447889328, 0.06492886692285538, 0.06357931345701218, 0.06204312667250633, 0.060368891805410385, 0.058601751923561096, 0.05678144469857216, 0.05494137853384018, 0.05310848355293274, 0.051303617656230927, 0.04954229295253754, 0.04783551022410393, 0.046190593391656876, 0.04461193084716797, 0.0431017130613327, 0.04166041687130928, 0.040287286043167114, 0.03898070380091667, 0.03773844614624977, 0.03655790910124779, 0.03543625399470329}
, {0.033801041543483734, 0.03481188416481018, 0.035872116684913635, 0.03698381409049034, 0.038148846477270126, 0.03936877101659775, 0.04064461216330528, 0.041976749897003174, 0.043364591896533966, 0.04480631276965141, 0.04629846662282944, 0.04783551022410393, 0.04940934106707573, 0.051008716225624084, 0.05261870473623276, 0.054220184683799744, 0.0557895228266716, 0.05729847028851509, 0.058714572340250015, 0.0600021593272686, 0.06112388148903847, 0.06204312667250633, 0.06272685527801514, 0.06314858049154282, 0.06329113990068436, 0.06314858049154282, 0.06272685527801514, 0.06204312667250633, 0.06112388148903847, 0.0600021593272686, 0.058714572340250015, 0.05729847028851509, 0.0557895228266716, 0.054220184683799744, 0.05261870473623276, 0.051008716225624084, 0.04940934106707573, 0.04783551022410393, 0.04629846662282944, 0.04480631276965141, 0.043364591896533966, 0.041976749897003174, 0.04064461216330528, 0.03936877101659775, 0.038148846477270126, 0.03698381409049034, 0.035872116684913635, 0.03481188416481018}
